0 66 0
1 66 0
2 66 0
3 66 0
4 66 0
5 66 0
6 66 0
7 66 0
8 66 0
9 66 0
10 66 0
11 66 0
12 66 0
13 66 0
14 66 0
15 66 0
16 66 0
17 66 0
18 66 0
19 66 0
20 66 0
21 66 0
22 66 0
23 66 0
24 66 0
25 66 0
26 66 0
27 66 0
28 66 0
29 66 0
30 66 0
31 66 0
32 66 0
33 66 0
34 66 0
35 66 0
36 66 0
37 66 0
38 66 0
39 66 0
40 66 0
41 66 0
42 66 0
43 66 0
44 66 0
45 66 0
46 66 0
47 66 0
48 66 0
49 66 0
50 66 0
51 66 0
52 66 0
53 66 0
54 66 0
55 66 0
56 66 0
57 66 0
58 66 0
59 66 0
60 66 0
61 66 0
62 66 0
63 66 0
64 66 0
65 66 0
66 66 0
67 66 0
68 66 0
69 66 0
70 66 0
71 66 0
72 66 0
73 66 0
74 66 0
75 66 0
76 66 0
77 66 0
78 66 0
79 66 0
80 66 0
81 66 0
82 66 0
83 66 0
84 66 0
85 66 0
86 66 0
87 66 0
88 66 0
89 66 0
90 66 0
91 66 0
92 66 0
93 66 0
94 66 0
95 66 0
96 66 0
97 66 0
98 66 0
99 66 0
100 66 0
101 66 0
102 66 0
103 66 0
104 66 0
105 66 0
106 66 0
107 66 0
108 66 0
109 66 0
110 66 0
111 66 0
112 66 0
113 66 0
114 66 0
115 66 0
116 66 0
117 66 0
118 66 0
119 66 0
0 65 0
0 64 0
0 63 0
119 65 0
119 64 0
119 63 0
30 64 0
30 63 0
30 62 0
31 62 0
5 60 2
